9.40
9.40
9.41
9.40
9.40
9.41
9.38
9.42
9.39
9.40
9.41
9.40
9.39
9.41
9.41
9.39
9.42
9.40
9.41
9.40
9.40
9.41
9.39
9.41
9.40
9.41
9.41
9.40
9.39
9.42
9.39
9.39
9.42
9.40
9.41
9.40
9.40
9.41
9.40
9.41
9.41
9.40
9.40
9.39
9.40
9.41
9.39
9.42
9.38
9.41
9.42
9.40
9.40
9.40
9.40
9.40
9.40
9.41
9.40
9.40
9.39
9.41
9.40
9.40
9.41
9.41
9.40
9.40
9.40
9.41
9.40
9.40
9.41
9.40
9.41
9.39
9.40
9.41
9.41
9.41
9.39
9.42
9.38
9.41
9.40
9.41
9.40
9.41
9.40
9.41
9.42
9.39
9.39
9.42
9.41
9.39
9.40
9.41
9.38
9.41
9.40
9.41
9.40
9.40
9.41
9.41
9.39
9.41
9.41
9.39
9.40
9.42
9.38
9.39
9.42
9.40
9.40
9.41
9.40
9.40
9.40
9.40
9.41
9.41
9.39
9.40
9.41
9.41
9.40
9.40
9.40
9.41
9.39
9.40
9.42
9.39
9.41
9.40
9.40
9.41
9.41
9.38
9.41
9.41
9.38
9.41
9.40
9.41
9.41
9.40
9.40
9.40
9.39
9.43
9.39
9.41
9.39
9.41
9.40
9.40
9.41
9.40
9.40
9.40
9.40
9.40
9.41
9.41
9.41
9.39
9.40
9.41
9.39
9.41
9.40
9.40
9.40
9.40
9.40
9.42
9.39
9.40
9.40
9.39
9.40
9.41
9.40
9.40
9.43
9.38
9.42
9.39
9.41
9.38
9.41
9.41
9.41
9.39
9.42
9.39
9.41
9.40
9.41
9.40
9.41
9.40
9.40
9.41
9.40
9.40
9.40
9.40
9.40
9.40
9.40
9.41
9.39
9.41
9.40
9.40
9.41
9.41
9.39
9.40
9.40
9.40
9.41
9.40
9.39
9.41
9.41
9.40
9.39
9.39
9.40
9.42
9.39
9.41
9.39
9.42
9.40
9.40
9.41
9.40
9.40
9.40
9.41
9.40
9.38
9.43
9.39
9.41
9.40
9.41
9.40
9.41
9.40
9.39
9.40
9.40
9.42
9.41
9.40
9.38
9.40
9.42
9.40
9.42
9.38
9.40
9.40
9.42
9.39
9.42
9.39
9.40
9.41
9.40
9.40
9.41
9.39
9.41
9.40
9.40
9.41
9.42
9.39
9.40
9.41
9.40
9.38
9.42
9.40
9.41
9.41
9.39
9.41
9.40
9.41
9.40
