9.41
9.43
9.42
9.40
9.42
9.42
9.41
9.44
9.41
9.41
9.42
9.41
9.41
9.42
9.41
9.42
9.42
9.41
9.41
9.41
9.43
9.39
9.43
9.41
9.42
9.42
9.40
9.44
9.40
9.41
9.42
9.42
9.41
9.42
9.40
9.43
9.41
9.41
9.42
9.40
9.43
9.42
9.41
9.42
9.41
9.41
9.42
9.43
9.38
9.44
9.41
9.41
9.43
9.41
9.41
9.43
9.40
9.43
9.40
9.42
9.42
9.40
9.42
9.42
9.42
9.41
9.41
9.41
9.41
9.43
9.41
9.41
9.45
9.39
9.41
9.42
9.40
9.43
9.40
9.44
9.40
9.42
9.41
9.43
9.41
9.42
9.40
9.43
9.40
9.43
9.42
9.41
9.41
9.43
9.42
9.41
9.41
9.42
9.42
9.41
9.43
9.40
9.43
9.41
9.42
9.42
9.41
9.42
9.40
9.41
9.42
9.42
9.42
9.41
9.41
9.42
9.42
9.40
9.43
9.41
9.41
9.41
9.42
9.41
9.42
9.41
9.42
9.42
9.41
9.43
9.40
9.43
9.39
9.42
9.42
9.42
9.41
9.42
9.41
9.42
9.41
9.41
9.42
9.42
9.42
9.41
9.41
9.41
9.43
9.41
9.42
9.40
9.42
9.42
9.42
9.41
9.42
9.40
9.41
9.42
9.40
9.42
9.42
9.42
9.41
9.41
9.42
9.41
9.42
9.40
9.42
9.42
9.42
9.40
9.42
9.42
9.41
9.42
9.40
9.42
9.41
9.42
9.40
9.44
9.40
9.41
9.43
9.41
9.39
9.43
9.42
9.42
9.40
9.42
9.43
9.41
9.43
9.41
9.41
9.42
9.40
9.43
9.42
9.42
9.42
9.40
9.43
9.40
9.42
9.42
9.41
9.43
9.41
9.40
9.43
9.40
9.41
9.42
9.41
9.41
9.41
9.43
9.41
9.41
9.40
9.42
9.43
9.40
9.42
9.42
9.41
9.42
9.40
9.42
9.41
9.43
9.42
9.39
9.42
9.41
9.41
9.44
9.40
9.42
9.41
9.41
9.44
9.40
9.41
9.42
9.42
9.41
9.43
9.40
9.43
9.40
9.42
9.40
9.42
9.41
9.41
9.43
9.41
9.42
9.42
9.40
9.42
9.43
9.43
9.40
9.42
9.42
9.42
9.40
9.42
9.43
9.40
9.42
9.41
9.42
9.42
9.41
9.42
9.42
9.40
9.41
9.43
9.40
9.43
9.39
9.43
9.43
9.41
9.41
9.42
9.42
9.42
9.42
9.40
9.42
